77.83
90.63
79.22
92.51
35.03
71.74
91.25
30.16
40.87
38.34
36.27
66.80
17.21
11.72
57.36
21.57
92.31
26.05
66.96
58.91
62.69
93.79
97.25
8.36
73.42
86.49
63.85
71.39
0.97
89.51
19.72
43.90
7.96
87.89
64.36
75.13
67.40
66.11
93.65
95.44
81.50
78.99
4.23
98.81
99.64
73.07
97.22
61.50
72.57
44.89
69.06
97.26
13.51
86.50
17.58
47.73
28.24
15.12
89.43
96.16
66.94
73.88
64.74
97.50
23.42
33.64
36.06
40.95
95.91
13.86
94.95
55.85
48.12
79.41
8.31
9.12
41.37
68.22
82.70
19.09
45.75
95.53
22.52
65.16
18.30
74.98
56.30
97.54
78.96
30.41
23.70
8.97
49.27
26.03
99.36
56.71
0.98
59.70
26.70
83.94
9.38
99.78
44.10
26.45
66.29
50.01
85.04
88.94
35.79
59.63
14.27
58.86
51.63
93.08
3.01
21.87
14.75
40.50
93.46
70.21
2.31
43.48
14.82
24.38
29.64
92.43
70.34
49.06
36.05
67.11
67.84
40.08
19.27
36.31
19.49
37.45
48.00
4.03
84.79
34.43
50.15
32.73
47.87
23.95
1.22
19.33
87.91
66.28
37.49
91.81
9.47
66.82
60.88
31.69
98.37
89.57
36.41
25.45
38.76
32.31
54.53
83.50
85.22
8.98
67.79
40.16
81.45
86.60
82.15
64.39
90.70
13.95
93.58
73.92
34.27
44.32
9.21
92.32
13.68
76.77
